99
6 2 0 2 0 2 0
3 1 0 2 0 0 0
999 500 0 499 0 0 0
655 239 0 167 0 249 0
781 377 0 138 0 266 0
692 324 0 118 0 250 0
4 3 0 0 0 1 0
368 138 0 131 0 99 0
233 49 0 75 0 109 0
649 109 0 285 0 255 0
297 142 0 70 0 85 0
457 5 0 420 0 32 0
407 116 0 187 0 104 0
657 233 0 256 0 168 0
770 215 0 198 0 357 0
999 499 0 499 0 1 0
404 11 0 28 0 365 0
999 333 0 333 0 333 0
333 118 0 59 0 156 0
94 71 0 17 0 6 0
25 6 0 10 0 9 0
52 34 0 4 0 14 0
900 177 0 403 0 320 0
301 100 0 103 0 98 0
906 648 0 241 0 17 0
642 209 0 240 0 193 0
5 2 0 1 0 2 0
728 295 0 161 0 272 0
934 458 0 136 0 340 0
5 1 0 3 0 1 0
238 9 0 193 0 36 0
891 285 0 318 0 288 0
376 109 0 95 0 172 0
63 18 0 31 0 14 0
297 116 0 112 0 69 0
443 162 0 126 0 155 0
801 380 0 301 0 120 0
1000 334 0 333 0 333 0
726 357 0 107 0 262 0
598 218 0 258 0 122 0
1000 499 0 501 0 0 0
525 207 0 186 0 132 0
6 0 0 3 0 3 0
945 203 0 403 0 339 0
1000 500 0 0 0 500 0
33 13 0 7 0 13 0
6 1 0 2 0 3 0
298 111 0 149 0 38 0
18 7 0 5 0 6 0
4 2 0 1 0 1 0
999 500 0 250 0 249 0
316 191 0 55 0 70 0
4 0 0 2 0 2 0
427 119 0 194 0 114 0
3 2 0 0 0 1 0
753 328 0 243 0 182 0
298 45 0 140 0 113 0
1000 500 0 1 0 499 0
445 55 0 168 0 222 0
278 128 0 106 0 44 0
822 347 0 342 0 133 0
482 200 0 48 0 234 0
986 404 0 297 0 285 0
538 168 0 209 0 161 0
106 48 0 14 0 44 0
4 1 0 2 0 1 0
21 8 0 8 0 5 0
5 3 0 0 0 2 0
499 174 0 76 0 249 0
688 193 0 235 0 260 0
3 0 0 3 0 0 0
75 25 0 28 0 22 0
294 107 0 104 0 83 0
7 3 0 2 0 2 0
3 1 0 1 0 1 0
732 667 0 1 0 64 0
274 82 0 129 0 63 0
904 301 0 294 0 309 0
550 251 0 162 0 137 0
367 29 0 177 0 161 0
701 139 0 304 0 258 0
4 2 0 0 0 2 0
766 378 0 46 0 342 0
4 1 0 1 0 2 0
739 104 0 304 0 331 0
701 247 0 279 0 175 0
999 499 0 250 0 250 0
330 66 0 139 0 125 0
366 12 0 181 0 173 0
378 25 0 176 0 177 0
209 60 0 24 0 125 0
1000 250 0 250 0 500 0
373 156 0 89 0 128 0
553 173 0 182 0 198 0
82 18 0 28 0 36 0
244 93 0 94 0 57 0
765 35 0 141 0 589 0
705 308 0 46 0 351 0
262 74 0 81 0 107 0
