99
6 2 0 2 0 2 0
3 1 0 2 0 0 0
259 107 0 43 0 109 0
758 326 0 284 0 148 0
874 434 0 237 0 203 0
5 2 0 1 0 2 0
532 232 0 103 0 197 0
5 1 0 1 0 3 0
620 230 0 158 0 232 0
766 341 0 59 0 366 0
999 333 0 333 0 333 0
606 264 0 179 0 163 0
759 227 0 267 0 265 0
4 0 0 1 0 3 0
426 135 0 190 0 101 0
461 8 0 184 0 269 0
827 338 0 270 0 219 0
401 172 0 44 0 185 0
999 500 0 249 0 250 0
4 1 0 1 0 2 0
999 499 0 1 0 499 0
124 54 0 31 0 39 0
4 2 0 1 0 1 0
277 113 0 82 0 82 0
797 398 0 300 0 99 0
1000 1 0 500 0 499 0
1000 499 0 501 0 0 0
1000 333 0 333 0 334 0
3 0 0 2 0 1 0
220 39 0 105 0 76 0
184 53 0 84 0 47 0
707 292 0 169 0 246 0
201 34 0 86 0 81 0
827 24 0 397 0 406 0
28 23 0 1 0 4 0
187 151 0 11 0 25 0
1000 250 0 250 0 500 0
118 41 0 39 0 38 0
10 5 0 0 0 5 0
314 71 0 133 0 110 0
545 173 0 152 0 220 0
6 0 0 3 0 3 0
652 215 0 117 0 320 0
913 272 0 345 0 296 0
652 405 0 240 0 7 0
216 21 0 93 0 102 0
301 129 0 79 0 93 0
999 500 0 0 0 499 0
746 308 0 144 0 294 0
5 3 0 0 0 2 0
260 93 0 84 0 83 0
788 208 0 187 0 393 0
3 1 0 1 0 1 0
174 47 0 120 0 7 0
269 56 0 83 0 130 0
715 112 0 585 0 18 0
470 212 0 230 0 28 0
142 34 0 48 0 60 0
176 75 0 52 0 49 0
847 165 0 401 0 281 0
820 355 0 309 0 156 0
527 206 0 227 0 94 0
625 179 0 161 0 285 0
1000 500 0 0 0 500 0
100 17 0 43 0 40 0
656 36 0 2 0 618 0
908 392 0 167 0 349 0
428 130 0 84 0 214 0
739 75 0 367 0 297 0
305 1 0 279 0 25 0
462 200 0 214 0 48 0
898 317 0 285 0 296 0
486 102 0 216 0 168 0
644 216 0 118 0 310 0
650 202 0 272 0 176 0
929 432 0 408 0 89 0
4 2 0 0 0 2 0
4 1 0 2 0 1 0
538 251 0 85 0 202 0
104 11 0 51 0 42 0
182 36 0 73 0 73 0
402 167 0 42 0 193 0
969 384 0 254 0 331 0
4 2 0 2 0 0 0
35 10 0 13 0 12 0
645 220 0 232 0 193 0
65 18 0 16 0 31 0
435 113 0 40 0 282 0
738 228 0 335 0 175 0
286 28 0 132 0 126 0
886 294 0 234 0 358 0
179 61 0 88 0 30 0
452 412 0 7 0 33 0
754 337 0 278 0 139 0
999 250 0 250 0 499 0
901 230 0 317 0 354 0
7 2 0 2 0 3 0
3 0 0 0 0 3 0
6 3 0 1 0 2 0
