99
2525 1
2400 5
300 2
120 60
60 90
529127638 1
234116434 5025
155292805 1
46466780 8362
351496883 1
66112583 5708
1000000000 2
998000000 10000
999000000 10000
602275805 1
559312928 7556
781607639 1
467471867 9351
885349552 1
423977500 1122
374310792 1
208840433 7146
1000000000 2
100 10000
200 10000
36261343 1
31866133 9400
575623123 1
270572133 6996
681819992 1
618692616 1346
901816384 1
140150230 3304
88828900 1
67523619 5603
765636173 1
304275734 7490
350298121 1
275756841 9749
286083099 1
138226366 4913
853359980 1
545602650 4636
260440637 1
197187164 8579
232082131 1
99220166 480
389957255 1
156424965 844
483703976 1
430310522 712
963176869 1
66579748 3857
299313831 1
139544290 301
261671319 1
155479279 3652
360878420 1
216748056 4129
469751106 1
449949069 5924
966558350 1
147369233 2934
394967592 1
114438749 6147
955744157 1
373063510 3963
195713451 1
102717613 8929
585721343 1
321426981 3688
490505228 1
468359042 9781
1000000000 2
999999996 3
999999997 2
1000000000 2
999999998 2
999999997 3
140021266 1
78017374 6758
281707533 1
3731500 7445
889833409 1
275743232 5600
595899182 1
9457200 4570
730087595 1
172993034 4076
5854923 1
1174731 2587
327603455 1
209348945 7004
1000000000 1
999999999 10000
867873059 1
510591993 8529
509792211 1
285230717 5763
792975276 1
637650384 1797
2 1
1 10000
13712079 1
13068591 5859
830462905 1
504902138 568
1000000000 1
1 10000
981344458 1
169068742 5661
332356347 1
32690144 7522
280679107 1
134363264 2775
246926096 1
7682027 665
1000000000 1
1 1
138601037 1
67825563 4795
595917469 1
221894066 4338
399161376 1
112341718 5880
943519223 1
738574531 9558
593785611 1
393477228 6924
203960006 1
118280531 3917
579746723 1
141604778 9052
445347472 1
187120492 4208
771080135 1
11680915 9354
368832094 1
164210695 9897
387972997 1
224436424 9396
775446128 1
188422398 4128
188704744 1
146225484 739
479672544 1
266780352 2336
975388675 1
143385995 1454
589088831 2
3246511 7798
289257148 9550
915099104 1
647349493 7750
367760839 1
254145842 6238
200000 2
5001 1
5000 5
1000000000 1
999999999 1
1000000000 2
1 3
2 2
11716324 1
9520079 9936
181657515 1
47537395 9442
656360455 1
407167676 3015
352040603 2
239426198 2040
261843284 2933
126229539 1
53768984 7595
50320493 1
45981305 2941
640613481 1
32154039 369
725047648 1
391262894 9850
664954077 1
424040269 8493
313916663 1
102074788 1534
696771506 1
334633136 1331
2 1
1 1
1000000000 2
998000000 1
999000000 1
1000000000 2
12345675 3
12345676 2
816156009 1
288637867 3359
1000000000 2
999999999 2
999999998 3
419796188 1
39930800 750
588347435 1
501856021 179
835771948 1
635642160 8611
279414345 1
154375843 4479
44148294 1
17460063 3019
