1000
78 21 43
34 59 57
31 90 6
74 86 76
6 68 91
45 12 15
52 60 75
7 29 92
6 54 76
98 28 93
34 74 94
61 53 3
10 55 27
2 42 20
79 100 64
6 53 79
91 77 63
69 62 92
39 68 89
12 65 66
18 18 95
69 39 59
47 92 81
28 81 52
20 46 63
59 30 95
24 66 29
37 87 64
44 71 96
34 64 3
95 85 81
10 55 4
64 85 30
61 34 14
90 16 86
71 81 41
65 89 98
82 79 96
50 27 13
18 75 8
52 36 12
61 11 30
21 88 44
19 95 1
90 67 82
34 78 66
41 26 27
95 95 17
48 55 54
21 63 84
65 83 43
98 85 64
4 17 11
32 46 61
12 71 89
4 87 25
45 39 5
23 36 86
8 47 90
65 77 35
57 53 73
61 71 58
49 34 10
25 85 66
97 14 17
84 93 54
58 12 24
18 28 91
37 87 8
79 13 6
72 21 28
73 43 35
16 43 68
100 37 76
43 89 76
98 39 27
30 15 68
66 17 16
28 43 83
13 94 70
0 71 40
34 21 80
21 57 20
84 63 8
73 44 1
37 59 59
94 30 67
21 61 42
75 68 11
0 53 42
81 3 94
72 73 82
57 28 81
54 6 54
61 12 61
89 48 39
36 87 6
80 65 25
73 66 59
57 76 73
55 82 52
40 29 7
100 60 84
6 36 66
56 87 92
68 47 78
16 48 34
49 35 2
59 8 29
96 23 25
12 98 95
91 88 3
25 76 48
50 95 41
93 94 28
9 76 39
37 62 67
81 88 84
14 33 90
31 9 97
67 68 52
19 80 12
16 15 64
41 87 80
38 86 11
75 71 84
46 13 67
68 85 59
73 32 97
9 77 77
26 26 94
69 74 98
92 10 71
15 19 12
86 22 44
24 57 9
81 8 37
85 7 21
37 2 41
96 2 72
38 68 94
89 11 13
77 46 98
100 26 16
44 26 6
53 52 65
28 100 1
51 26 61
14 30 25
32 68 96
42 73 40
66 68 37
60 52 78
35 9 73
48 46 58
84 90 42
38 15 17
77 23 24
37 56 98
97 96 54
61 65 100
31 8 81
24 29 11
85 85 71
61 63 52
14 89 2
8 59 6
88 56 9
88 58 41
43 81 99
41 62 75
67 53 15
2 77 57
43 30 26
43 82 22
95 62 96
8 87 8
82 70 56
85 55 91
29 42 62
73 81 87
97 61 94
45 94 28
71 52 15
34 38 11
22 41 17
42 67 14
46 60 37
34 67 6
35 45 55
8 31 78
0 44 99
13 9 61
100 91 18
29 21 13
34 78 21
75 56 53
91 86 25
1 97 39
79 70 92
41 88 72
50 82 26
49 18 95
53 89 74
54 93 10
47 71 80
48 38 28
47 88 38
0 68 90
3 66 73
18 66 28
13 68 39
64 96 55
31 11 98
73 100 14
1 90 31
77 89 85
17 32 44
0 39 48
85 85 34
42 62 90
6 90 18
84 79 77
72 9 77
29 2 60
20 71 63
32 14 83
77 83 58
23 5 33
13 63 44
37 54 52
52 96 17
40 76 92
56 57 34
53 97 9
29 90 66
32 71 93
54 7 5
48 39 20
22 89 58
12 8 16
8 2 87
61 9 64
34 44 91
85 67 94
100 39 9
31 15 100
99 95 91
1 45 6
17 55 29
60 38 13
38 27 52
54 28 31
10 34 81
72 17 12
33 6 28
46 100 56
86 82 81
13 66 1
67 95 83
78 23 25
51 82 15
27 81 7
17 36 76
13 78 5
2 93 86
83 39 80
56 83 72
83 56 97
3 53 40
9 70 2
97 70 4
32 60 75
79 26 26
35 8 16
70 35 40
8 3 76
1 87 71
64 76 28
87 5 14
75 46 17
84 74 99
100 84 31
97 10 91
34 72 75
6 12 13
32 15 55
67 60 11
64 25 83
42 25 39
30 29 57
40 9 35
25 68 86
55 82 21
73 94 45
6 27 73
97 88 98
75 97 59
30 86 56
100 33 89
38 8 35
22 88 73
36 12 28
98 96 13
49 22 17
73 94 6
85 16 71
21 53 4
59 22 76
39 39 55
1 81 66
10 19 4
73 35 23
46 69 58
42 35 78
73 4 82
8 34 45
84 90 1
48 77 79
61 6 25
15 27 85
21 66 14
100 97 2
66 20 11
49 47 74
5 47 9
71 8 8
7 84 22
80 78 67
6 26 84
50 20 90
91 63 85
21 26 87
21 99 3
58 90 100
100 87 47
97 48 53
3 38 18
80 5 56
88 98 54
88 7 40
8 58 1
40 67 34
25 93 2
5 36 8
5 20 37
56 48 75
50 65 61
63 47 47
100 84 72
37 21 1
76 87 22
29 35 24
55 68 37
35 16 42
71 35 27
25 61 69
94 73 33
28 14 70
2 98 62
95 23 15
58 91 89
79 4 33
7 68 97
57 27 68
82 86 16
11 99 88
83 77 98
42 8 52
76 58 19
12 9 17
3 19 75
24 24 77
75 37 68
100 63 3
5 100 52
35 57 4
89 21 73
55 93 15
0 65 91
19 15 33
85 93 63
25 60 20
20 56 69
91 47 20
95 22 15
12 59 63
84 40 70
73 93 3
25 24 95
51 65 58
62 46 8
91 63 31
28 74 83
42 33 100
100 66 7
24 100 35
0 57 27
87 20 40
94 54 91
37 26 33
59 31 96
82 42 37
52 79 8
21 94 36
20 73 83
1 23 57
47 32 85
79 12 10
51 57 31
16 81 32
100 9 27
35 64 17
95 52 21
5 92 68
46 60 87
37 65 24
15 81 62
80 15 95
99 13 4
79 48 79
83 41 63
69 26 21
0 55 55
61 11 97
13 69 20
84 18 41
95 82 27
8 7 32
83 83 38
56 1 93
5 5 86
68 45 5
13 35 36
100 91 95
63 42 23
31 11 66
14 78 60
96 33 27
62 90 75
41 85 26
17 75 28
60 86 100
86 89 75
18 22 25
25 17 18
12 39 71
76 10 62
100 90 10
87 22 56
83 15 78
55 71 19
77 75 10
48 62 3
52 69 42
88 17 100
2 20 12
98 38 32
16 74 2
51 7 31
63 74 95
100 61 33
23 89 93
82 47 30
79 6 20
38 10 22
83 21 71
60 34 72
46 65 73
4 92 13
22 45 39
1 94 5
100 64 45
49 11 58
72 96 80
45 58 33
64 38 29
25 2 9
39 5 87
31 10 68
93 79 38
2 86 38
46 18 82
83 45 78
90 24 63
86 41 9
39 81 80
91 59 33
78 56 13
93 28 75
91 41 56
33 55 85
42 13 34
15 28 37
87 66 72
23 21 97
18 69 54
21 84 62
34 9 32
34 85 73
8 88 1
100 98 41
84 5 4
40 47 81
38 87 35
41 58 27
17 73 94
47 1 94
2 48 25
75 31 59
81 45 30
94 20 21
30 60 84
91 54 60
94 29 61
0 92 67
31 80 31
70 25 2
49 43 41
85 84 21
41 20 71
11 5 82
9 3 8
65 18 82
16 93 89
93 85 66
67 45 84
19 7 99
10 34 82
52 71 98
67 56 15
17 42 4
93 40 71
44 27 57
38 73 58
21 89 97
76 82 99
84 71 12
56 84 29
70 100 38
16 66 92
54 28 35
42 12 84
64 20 30
73 7 6
93 73 82
37 33 85
42 4 54
17 78 67
73 6 68
83 25 47
55 37 9
75 28 25
12 3 26
7 25 48
88 5 55
70 35 42
55 48 15
34 14 7
87 15 84
19 67 40
11 73 54
4 62 87
4 86 31
18 57 73
75 40 70
2 21 41
72 45 65
89 48 41
4 8 40
36 86 34
27 69 53
14 63 94
25 23 43
51 22 21
5 19 45
53 48 96
75 53 41
78 12 26
29 71 99
87 78 17
31 43 35
57 61 15
99 92 73
99 8 47
46 25 23
59 46 2
83 12 56
0 2 42
43 19 26
77 89 75
51 36 99
44 68 69
73 9 85
50 69 97
32 74 85
16 96 54
57 48 78
72 40 83
56 80 4
51 66 33
50 45 96
39 62 18
24 81 77
98 80 87
95 53 33
29 25 59
84 69 3
11 10 80
75 69 6
28 96 15
15 48 19
86 15 32
98 31 67
54 69 77
45 38 11
44 4 23
100 89 76
25 54 15
28 89 30
20 60 75
66 96 69
73 41 26
36 41 40
95 11 94
14 65 87
36 60 91
50 91 58
33 39 73
30 83 16
20 14 88
7 95 21
98 87 25
7 52 70
52 44 12
13 21 19
3 31 48
82 94 57
100 70 91
68 82 88
43 86 20
83 89 31
64 81 11
46 54 18
44 19 7
95 85 18
39 85 37
61 87 41
42 33 8
23 70 19
27 5 38
29 81 85
3 82 67
26 57 61
2 35 88
34 10 100
38 20 36
49 73 97
54 98 4
16 46 80
47 66 45
95 59 36
53 46 81
94 62 11
8 90 85
0 34 29
36 22 35
48 48 69
90 72 20
56 44 57
63 53 74
23 65 87
70 15 34
53 70 66
30 44 90
28 12 87
93 62 88
8 13 21
44 7 12
33 61 4
83 77 15
97 7 12
69 96 28
92 3 36
91 2 11
75 93 5
84 48 1
65 19 26
86 67 92
52 79 95
69 91 72
55 83 24
49 48 55
30 5 55
90 77 46
93 54 6
52 27 3
34 99 40
38 96 19
11 45 47
64 88 26
18 82 44
67 12 75
5 4 81
90 22 23
98 85 38
38 6 39
25 65 34
12 55 55
22 2 57
62 57 13
12 72 83
63 18 95
19 77 96
71 76 48
55 32 37
87 37 94
39 62 19
44 31 91
50 36 93
87 93 35
96 97 9
29 36 86
87 70 20
13 15 91
45 19 56
91 9 77
14 98 61
15 100 82
28 46 55
20 62 88
87 40 57
49 2 81
78 13 34
39 5 38
13 55 55
52 23 15
10 22 55
77 97 48
42 63 85
78 92 39
60 98 27
86 14 22
80 22 42
100 6 94
36 61 83
94 75 65
27 23 72
53 92 12
53 85 73
49 42 78
60 87 90
92 67 54
78 28 15
22 20 89
98 23 27
38 4 1
43 58 83
14 59 83
99 58 92
59 19 85
54 86 32
10 5 43
42 93 63
74 13 7
94 11 37
94 6 97
97 44 64
62 87 92
5 21 40
22 34 52
11 69 57
35 55 63
82 35 76
2 9 3
45 24 7
56 91 37
82 97 70
4 90 64
97 37 34
11 45 87
72 82 11
24 89 95
56 22 38
90 69 64
46 83 61
100 45 18
68 94 26
82 32 14
65 69 32
24 57 38
84 30 23
59 89 41
7 78 53
32 96 39
0 33 60
81 30 41
74 92 31
19 90 69
37 77 96
95 29 87
87 37 39
60 29 94
88 98 52
4 25 17
85 12 5
25 25 97
15 12 1
15 74 4
55 3 20
81 16 88
7 84 93
22 84 76
40 32 40
67 73 45
22 54 16
12 72 15
66 43 12
19 53 6
94 7 87
13 17 1
28 11 21
80 94 17
93 21 57
80 53 38
59 75 48
17 89 70
100 1 1
74 35 91
100 74 54
55 2 71
95 11 94
53 80 34
13 99 9
66 96 69
97 82 93
12 88 91
12 100 82
7 54 41
91 24 30
13 98 74
33 60 68
53 28 74
15 81 30
82 87 30
4 42 74
87 47 83
29 37 5
81 53 85
100 47 93
57 98 14
34 26 6
62 24 38
29 75 87
43 41 16
57 66 7
25 43 2
48 16 37
2 47 93
24 60 67
17 2 33
90 14 81
23 35 44
71 83 38
36 54 38
77 18 99
17 31 57
44 95 98
47 39 84
8 92 17
98 42 24
28 1 34
61 30 32
7 13 7
58 58 81
62 17 11
49 78 52
2 59 23
51 39 32
95 92 84
10 87 38
30 5 25
79 94 60
63 43 23
56 56 52
76 86 17
60 100 78
65 46 89
1 74 53
65 88 97
13 9 38
64 70 73
33 44 96
75 23 60
29 16 45
98 55 70
4 47 5
42 58 87
100 76 79
3 96 47
23 66 83
90 58 66
57 76 70
31 9 91
20 98 70
10 33 21
85 70 9
5 77 3
27 61 19
46 71 15
49 37 81
22 97 31
69 44 38
13 15 75
68 31 60
68 76 65
28 2 36
82 2 69
4 99 54
77 46 25
50 66 61
19 23 85
8 61 3
31 20 6
10 37 85
0 10 42
35 43 32
33 56 65
16 86 46
6 33 77
96 44 13
57 58 89
57 14 13
59 83 100
66 19 66
6 97 77
91 10 57
88 27 3
10 22 75
4 64 27
9 72 95
31 9 89
66 25 14
99 99 99
56 82 23
21 81 30
32 94 82
90 63 36
14 60 30
65 48 46
16 66 96
15 73 20
36 98 30
23 1 19
51 46 69
99 41 62
78 71 68
75 18 61
7 55 65
84 58 8
56 43 8
10 9 17
14 12 58
75 12 4
15 29 66
20 39 43
32 98 7
39 42 75
19 13 36
44 62 13
35 72 76
37 3 58
79 69 11
67 60 99
3 98 22
47 68 48
46 38 10
35 55 45
53 5 47
68 88 23
32 77 66
52 56 84
27 86 68
58 99 46
11 32 65
20 56 46
26 92 27
84 58 56
67 48 15
16 20 69
16 5 23
1 69 27
92 4 28
85 73 70
21 52 78
41 97 68
4 38 5
16 12 2
59 60 85
66 26 38
